Bplus_P : [6.96e+04, 1.55e+05, 1.02e+05, 3.76e+05, ..., 2.11e+05, 5.95e+04, 9.82e+04]
Bplus_PT : [2.48e+03, 1.84e+03, 1.56e+03, 1.76e+04, ..., 1.17e+04, 1.11e+03, 9.05e+03]
Bplus_PE : [6.98e+04, 1.55e+05, 1.03e+05, 3.76e+05, ..., 2.11e+05, 5.97e+04, 9.83e+04]
Bplus_PX : [2.42e+03, 252, -1.08e+03, 2.01e+03, ..., 185, 1.01e+03, -1.1e+03, -1.42e+03]
Bplus_PY : [-543, 1.82e+03, -1.12e+03, -1.75e+04, ..., -5.55e+03, 1.17e+04, 45.5, 8.94e+03]
Bplus_PZ : [6.96e+04, 1.55e+05, 1.02e+05, 3.76e+05, ..., 2.11e+05, 5.95e+04, 9.78e+04]
Bplus_M : [4.86e+03, 5.25e+03, 4.97e+03, 5.29e+03, ..., 5.27e+03, 5.05e+03, 4.84e+03]
J_psi_1S_P : [3.61e+04, 1.09e+05, 8.42e+04, 1.79e+05, ..., 1.91e+05, 4.09e+04, 4.64e+04]
J_psi_1S_PT : [983, 2.6e+03, 2.12e+03, 9.32e+03, ..., 4.64e+03, 1.09e+04, 2.2e+03, 3.55e+03]
J_psi_1S_PE : [3.62e+04, 1.09e+05, 8.43e+04, 1.79e+05, ..., 1.91e+05, 4.1e+04, 4.66e+04]
J_psi_1S_PX : [726, -1.1e+03, -2.09e+03, 49.5, ..., -1.39e+03, -160, -1.98e+03, -301]
J_psi_1S_PY : [663, 2.36e+03, -354, -9.32e+03, ..., -4.43e+03, 1.09e+04, 966, 3.54e+03]
J_psi_1S_PZ : [3.6e+04, 1.09e+05, 8.42e+04, 1.79e+05, ..., 1.9e+05, 4.09e+04, 4.63e+04]
J_psi_1S_M : [3.09e+03, 3.07e+03, 3.05e+03, 3.1e+03, ..., 3.1e+03, 3.08e+03, 3.12e+03]
muplus_P : [2.59e+04, 3e+04, 3.79e+03, 5.78e+04, ..., 4.27e+03, 7.8e+04, 1.4e+04, 1.09e+04]
muplus_PT : [2.1e+03, 1.82e+03, 684, 1.76e+03, ..., 477, 4.9e+03, 2.07e+03, 1.91e+03]
muplus_PE : [2.59e+04, 3e+04, 3.79e+03, 5.78e+04, ..., 4.27e+03, 7.8e+04, 1.4e+04, 1.09e+04]
muplus_PX : [1.54e+03, 522, -555, 543, -631, ..., -125, 360, -1.58e+03, -1.22e+03, 946]
muplus_PY : [1.42e+03, 1.74e+03, 401, -1.67e+03, ..., 313, 4.64e+03, 1.67e+03, 1.65e+03]
muplus_PZ : [2.58e+04, 3e+04, 3.73e+03, 5.78e+04, ..., 7.79e+04, 1.38e+04, 1.07e+04]
muplus_M : [106, 106, 106, 106, 106, 106, 106, 106, ..., 106, 106, 106, 106, 106, 106, 106]
muminus_P : [1.03e+04, 7.92e+04, 8.05e+04, 1.21e+05, ..., 1.13e+05, 2.7e+04, 3.57e+04]
muminus_PT : [1.11e+03, 1.73e+03, 1.71e+03, 7.67e+03, ..., 6.43e+03, 1.04e+03, 2.25e+03]
muminus_PE : [1.03e+04, 7.92e+04, 8.05e+04, 1.21e+05, ..., 1.13e+05, 2.7e+04, 3.57e+04]
muminus_PX : [-812, -1.62e+03, -1.53e+03, -489, ..., -1.75e+03, 1.41e+03, -757, -1.24e+03]
muminus_PY : [-759, 621, -755, -7.65e+03, ..., -4.74e+03, 6.27e+03, -707, 1.88e+03]
muminus_PZ : [1.03e+04, 7.92e+04, 8.05e+04, 1.21e+05, ..., 1.13e+05, 2.7e+04, 3.56e+04]
muminus_M : [106, 106, 106, 106, 106, 106, 106, 106, ..., 106, 106, 106, 106, 106, 106, 106]
Kplus_P : [3.36e+04, 4.54e+04, 1.83e+04, 1.97e+05, ..., 2.02e+04, 1.87e+04, 5.18e+04]
Kplus_PT : [2.08e+03, 1.45e+03, 1.26e+03, 8.39e+03, ..., 1.41e+03, 1.27e+03, 5.52e+03]
Kplus_PE : [3.36e+04, 4.54e+04, 1.83e+04, 1.97e+05, ..., 2.02e+04, 1.87e+04, 5.18e+04]
Kplus_PX : [1.69e+03, 1.35e+03, 1.01e+03, 1.96e+03, ..., 1.17e+03, 874, -1.12e+03]
Kplus_PY : [-1.21e+03, -539, -765, -8.16e+03, 306, ..., 60, -1.12e+03, 786, -921, 5.4e+03]
Kplus_PZ : [3.36e+04, 4.54e+04, 1.83e+04, 1.97e+05, ..., 2.02e+04, 1.87e+04, 5.15e+04]
Kplus_M : [494, 494, 494, 494, 494, 494, 494, 494, ..., 494, 494, 494, 494, 494, 494, 494]
